COM Level saved by the Experience Level Loader
COM By Brett Hickman, Lucas Li, and Alex Hartford
COM Spring 2022


COM Next Level: <NXT path>
NXT ../levels/street.txt

COM Camera Setup: <POV pos.x pos.y pos.z>
POV -10.7816 23.6316 35.3751 

COM Object: <OBJ id pos.x pos.y pos.z angleX angleY angleZ vel.x vel.y vel.z rad_v rad_c rad_s scale inter? disap? noteN sound>
OBJ 9 27.8022 19.0193 31.4335 -1.6 0 0 1 1 1 16 2.1 1.414 1 0 0 0 1 
OBJ 9 -97.1143 12.4466 239.965 -1.6 0 0 1 1 1 16 2.1 1.414 1 0 0 0 1 
OBJ 9 16.5319 18.6987 -189.151 -1.6 0 0 1 1 1 16 2.1 1.414 1 0 0 0 1 
OBJ 9 -4.52151 16.662 166.879 -1.6 0 0 1 1 1 16 2.1 1.414 1 0 0 0 1 
OBJ 9 209.112 14.2502 -136.637 -1.6 0 0 1 1 1 16 2.1 1.414 1 0 0 0 1 
OBJ 9 -63.5691 14.4742 -46.1168 -1.6 0 0 1 1 1 16 2.1 1.414 1 0 0 0 1 
OBJ 9 -120.446 14.2364 150.646 -1.6 0 0 1 1 1 16 2.1 1.414 1 0 0 0 1 
OBJ 9 188.952 10.539 -168.501 -1.6 0 0 1 1 1 16 2.1 1.414 1 0 0 0 1 
OBJ 9 -120.095 15.0002 -110.363 -1.6 0 0 1 1 1 16 2.1 1.414 1 0 0 0 1 
OBJ 9 209.053 12.3057 196.468 -1.6 0 0 1 1 1 16 2.1 1.414 1 0 0 0 1 
OBJ 9 -130.286 19.4708 209.929 -1.6 0 0 1 1 1 16 2.1 1.414 1 0 0 0 1 
OBJ 9 -39.1084 21.1882 104.89 -1.6 0 0 1 1 1 16 2.1 1.414 1 0 0 0 1 
OBJ 10 -153.574 12.3201 -35.2414 -1.6 0 0 1 1 1 11.22 0.911627 1.414 0.701252 0 0 0 1 
OBJ 10 -10.6116 15.1863 -110.042 -1.6 0 0 1 1 1 9.65144 0.784179 1.414 0.603215 0 0 0 1 
OBJ 10 6.18103 14.9807 84.5283 -1.6 0 0 1 1 1 10.666 0.866611 1.414 0.666624 0 0 0 1 
OBJ 10 194.999 14.437 -178.03 -1.6 0 0 1 1 1 9.7547 0.792569 1.414 0.609669 0 0 0 1 
OBJ 10 -22.7749 15.2447 62.1746 -1.169 0 0 1 1 1 11.7777 0.956939 1.414 0.736107 0 0 0 1 
OBJ 10 18.3619 18.3977 208.159 -1.6 0 0 1 1 1 13.9354 1.13225 1.414 0.87096 0 0 0 1 
OBJ 10 -8.82845 10.0727 -59.6013 -1.6 0 0 1 1 1 15.2765 1.24122 1.414 0.954783 0 0 0 1 
OBJ 10 -161.437 15.4284 -189.544 -1.6 0 0 1 1 1 11.2603 0.914901 1.414 0.70377 0 0 0 1 
OBJ 10 30.6639 19.7795 167.751 -1.6 0 0 1 1 1 9.89659 0.804098 1.414 0.618537 0 0 0 1 
OBJ 11 6.888 13.776 -57.399 -1.6 0 0 1 1 1 36.547 14.6907 1.414 4.283 0 0 0 1 
OBJ 11 -194.616 10.1168 81.6537 -1.6 0 0 1 1 1 12.2354 2.62296 1.414 0.76471 0 0 0 1 
OBJ 11 225.136 19.5391 -101.076 -1.6 0 0 1 1 1 13.324 2.85634 1.414 0.832752 0 0 0 1 
OBJ 11 -147.669 18.9935 210.949 -1.6 0 0 1 1 1 10.4519 2.24062 1.414 0.653242 0 0 0 1 
OBJ 11 -173.902 15.6279 196.785 -1.6 0 0 1 1 1 10.4132 2.23233 1.414 0.650824 0 0 0 1 
OBJ 11 224.454 17.9701 -115.108 -1.6 0 0 1 1 1 13.5996 2.91542 1.414 0.849975 0 0 0 1 
OBJ 11 -166.924 18.3481 -17.7856 -1.6 0 0 1 1 1 9.40039 2.01521 1.414 0.587525 0 0 0 1 
OBJ 11 -178.083 10.4136 -120.202 -1.6 0 0 1 1 1 8.75432 1.87671 1.414 0.547145 0 0 0 1 
OBJ 12 -123.232 15.7647 -36.8034 -1.6 0 0 1 1 1 13.9286 4.43974 1.414 0.870537 0 0 0 1 
OBJ 12 -105.706 16.3456 158.229 -1.6 0 0 1 1 1 12.2413 3.90193 1.414 0.765084 0 0 0 1 
OBJ 12 28.7535 25.9136 179.446 -1.6 0 0 1 1 1 15.8498 5.05213 1.414 0.990613 0 0 0 1 
OBJ 12 10.9769 17.8277 168.029 -1.6 0 0 1 1 1 15.0193 4.78741 1.414 0.938707 0 0 0 1 
OBJ 12 112.338 10.4313 64.8335 -1.6 0 0 1 1 1 8.29916 2.64536 1.414 0.518697 0 0 0 1 
OBJ 12 16.496 17.8039 87.4881 -1.733 -0.155 -0.662 1 1 1 11.1374 3.55006 1.414 0.69609 0 0 0 1 
OBJ 12 51.7602 21.0771 93.7923 -1.6 0 0 1 1 1 9.59598 3.05872 1.414 0.599749 0 0 0 1 
OBJ 13 -55.3775 15.4052 -90.2149 -1.6 0 0 1 1 1 12.3283 6.39532 1.414 0.77052 0 0 0 1 
OBJ 13 -81.2141 14.8562 -45.7664 -1.6 0 0 1 1 1 10.9683 5.68982 1.414 0.68552 0 0 0 1 
OBJ 13 -169.473 20.9297 -178.621 -1.6 0 0 1 1 1 12.9559 6.72085 1.414 0.809741 0 0 0 1 
OBJ 13 86.5121 12.0141 -151.957 -1.6 0 0 1 1 1 9.00411 4.67088 1.414 0.562757 0 0 0 1 
OBJ 13 28.5041 10.7108 -51.0875 -1.6 0 0 1 1 1 8.96547 4.65084 1.414 0.560342 0 0 0 1 
OBJ 13 -50.1833 11.9564 88.7684 -1.6 0 0 1 1 1 10.3611 5.37483 1.414 0.647569 0 0 0 1 
OBJ 13 -25.7294 16.0457 125.547 -1.6 0 0 1 1 1 9.3681 4.8597 1.414 0.585506 0 0 0 1 
OBJ 13 -113.579 22.2084 -165.657 -1.6 0 0 1 1 1 14.6023 7.57495 1.414 0.912645 0 0 0 1 
OBJ 13 103.976 10.5268 -121.438 -1.6 0 0 1 1 1 14.9817 7.77174 1.414 0.936354 0 0 0 1 
OBJ 14 63.8654 18.479 -174.764 -1.6 0 0 1 1 1 15.5632 9.24068 1.414 0.972703 0 0 0 1 
OBJ 14 -7.93684 14.8816 -34.655 -1.6 0 0 1 1 1 14.431 8.56843 1.414 0.90194 0 0 0 1 
OBJ 14 163.68 23.131 119.39 -1.662 0 0 1 1 1 26.345 8.303 1.414 0.874 0 0 0 1 
OBJ 14 -10.6958 21.9922 235.02 -1.6 0 0 1 1 1 14.2096 8.43694 1.414 0.888099 0 0 0 1 
OBJ 14 43.4792 13.4817 -44.8563 -1.6 0 0 1 1 1 16.592 19.17 1.414 1.996 0 0 0 1 
OBJ 14 229.71 11.8631 211.233 -1.6 0 0 1 1 1 9.3975 5.57977 1.414 0.587344 0 0 0 1 
OBJ 14 232.03 18.368 49.2737 -1.6 0 0 1 1 1 28.812 21.9355 1.414 2.309 0 0 0 1 
OBJ 14 -190.067 19.8991 -20.6846 -1.6 0 0 1 1 1 11.536 6.84948 1.414 0.720998 0 0 0 1 
OBJ 14 80.1563 10.4164 -52.0066 -1.6 0 0 1 1 1 8.08234 4.79889 1.414 0.505146 0 0 0 1 
OBJ 15 234.548 13.7685 130.194 -1.6 0 0 1 1 1 13.3393 10.538 1.414 0.833704 0 0 0 1 
OBJ 15 -30.6015 9.76966 80.837 -1.6 0 0 1 1 1 10.6806 8.43769 1.414 0.667539 0 0 0 1 
OBJ 15 86.1042 12.7566 33.9137 -1.6 0 0 1 1 1 15.7575 12.4484 1.414 0.984842 0 0 0 1 
OBJ 15 64.287 18.368 -121.686 -1.6 0 0 1 1 1 50 44.2147 1.414 3.498 0 0 0 1 
OBJ 15 -168.839 15.2983 -73.5433 -1.6 0 0 1 1 1 10.8561 8.57629 1.414 0.678504 0 0 0 1 
OBJ 15 -100.395 22.7285 96.2363 -1.6 0 0 1 1 1 12.4279 9.81803 1.414 0.776743 0 0 0 1 
OBJ 15 -3.52737 11.1455 155.51 -1.6 0 0 1 1 1 13.3548 10.5503 1.414 0.834678 0 0 0 1 
OBJ 15 178.451 22.6872 232.75 -1.6 0 0 1 1 1 8.59416 6.78939 1.414 0.537135 0 0 0 1 
OBJ 15 -85.8156 10.7442 57.1205 -1.6 0 0 1 1 1 11.3389 8.95774 1.414 0.708682 0 0 0 1 
OBJ 19 73.8817 20.6187 88.5629 -1.6 0 0 1 1 1 16 0.5 1.414 1 0 0 0 1 
OBJ 19 116.902 14.8787 205.896 -1.6 0 0 1 1 1 16 0.5 1.414 1 0 0 0 1 
OBJ 19 -66.2785 23.6602 177.485 -1.6 0 0 1 1 1 16 0.5 1.414 1 0 0 0 1 
OBJ 19 -167.648 13.6552 147.971 -1.6 0 0 1 1 1 16 0.5 1.414 1 0 0 0 1 
OBJ 19 203.977 20.6152 239.966 -1.6 0 0 1 1 1 16 0.5 1.414 1 0 0 0 1 
OBJ 19 111.95 14.2536 147.399 -1.6 0 0 1 1 1 16 0.5 1.414 1 0 0 0 1 
OBJ 19 177.195 23.8052 236.277 -1.6 0 0 1 1 1 16 0.5 1.414 1 0 0 0 1 
OBJ 19 144.102 20.6792 209.438 -1.6 0 0 1 1 1 16 0.5 1.414 1 0 0 0 1 
OBJ 19 74.3338 13.3701 208.879 -1.6 0 0 1 1 1 16 0.5 1.414 1 0 0 0 1 
OBJ 19 -83.7074 16.4246 -149.798 -1.6 0 0 1 1 1 16 0.5 1.414 1 0 0 0 1 
OBJ 19 72.1118 17.8442 -176.332 -1.6 0 0 1 1 1 16 0.5 1.414 1 0 0 0 1 
OBJ 19 -166.733 24.7262 114.823 -1.6 0 0 1 1 1 16 0.5 1.414 1 0 0 0 1 
OBJ 20 37.5566 15.1962 -146.056 -1.6 0 0 1 1 1 16 0.5 1.414 1 0 0 0 1 
OBJ 20 29.2764 21.7971 168.801 -1.6 0 0 1 1 1 16 0.5 1.414 1 0 0 0 1 
OBJ 20 -46.6048 14.8198 -47.3577 -1.6 0 0 1 1 1 16 0.5 1.414 1 0 0 0 1 
OBJ 20 60.017 19.892 -175.051 -1.6 0 0 1 1 1 16 0.5 1.414 1 0 0 0 1 
OBJ 20 -199.087 15.179 188.391 -1.6 0 0 1 1 1 16 0.5 1.414 1 0 0 0 1 
OBJ 20 54.3607 20.182 -199.154 -1.6 0 0 1 1 1 16 0.5 1.414 1 0 0 0 1 
OBJ 20 -69.5646 14.6714 -52.2614 -1.6 0 0 1 1 1 16 0.5 1.414 1 0 0 0 1 
OBJ 20 -77.2087 15.6602 -46.551 -1.6 0 0 1 1 1 16 0.5 1.414 1 0 0 0 1 
OBJ 20 -22.0277 11.8383 -139.049 -1.6 0 0 1 1 1 16 0.5 1.414 1 0 0 0 1 
OBJ 20 -108.868 16.9264 -182.814 -1.6 0 0 1 1 1 16 0.5 1.414 1 0 0 0 1 
OBJ 20 0.181107 20.8848 3.96396 -1.6 0 0 1 1 1 16 0.5 1.414 1 0 0 0 1 
OBJ 20 222.184 15.8176 6.75014 -1.6 0 0 1 1 1 16 0.5 1.414 1 0 0 0 1 
OBJ 20 -30.3321 13.9346 208.396 -1.6 0 0 1 1 1 16 0.5 1.414 1 0 0 0 1 
OBJ 20 151.536 13.4104 188.133 -1.6 0 0 1 1 1 16 0.5 1.414 1 0 0 0 1 
OBJ 20 152.075 18.8401 11.8532 -1.6 0 0 1 1 1 16 0.5 1.414 1 0 0 0 1 
OBJ 20 -63.9069 19.1092 -3.1675 -1.6 0 0 1 1 1 16 0.5 1.414 1 0 0 0 1 
OBJ 20 43.9497 11.0522 -57.6563 -1.6 0 0 1 1 1 16 0.5 1.414 1 0 0 0 1 
OBJ 20 -109.814 19.1092 203.672 -1.6 0 0 1 1 1 16 0.5 1.414 1 0 0 0 1 
OBJ 20 -38.2808 11.6418 -65.6971 -1.6 0 0 1 1 1 16 0.5 1.414 1 0 0 0 1 
OBJ 21 -171.165 20.0126 -17.7156 -1.6 0 0 1 1 1 16 0.5 1.414 1 0 0 0 1 
OBJ 21 173.986 13.5509 -10.9512 -1.6 0 0 1 1 1 16 0.5 1.414 1 0 0 0 1 
OBJ 21 -96.5145 18.5027 201.425 -1.6 0 0 1 1 1 16 0.5 1.414 1 0 0 0 1 
OBJ 21 24.515 25.9596 224.2 -1.6 0 0 1 1 1 16 0.5 1.414 1 0 0 0 1 
OBJ 21 15.8137 16.8436 61.3594 -1.6 0 0 1 1 1 16 0.5 1.414 1 0 0 0 1 
OBJ 21 -52.8739 25.925 188.576 -1.6 0 0 1 1 1 16 0.5 1.414 1 0 0 0 1 
OBJ 21 -42.0147 18.4734 99.0005 -1.6 0 0 1 1 1 16 0.5 1.414 1 0 0 0 1 
OBJ 21 208.95 16.5312 216.067 -1.6 0 0 1 1 1 16 0.5 1.414 1 0 0 0 1 
OBJ 21 164.662 22.4676 -91.6655 -1.6 0 0 1 1 1 16 0.5 1.414 1 0 0 0 1 
OBJ 21 -142.651 14.3059 63.2857 -1.6 0 0 1 1 1 16 0.5 1.414 1 0 0 0 1 
OBJ 21 202.065 19.7344 230.484 -1.6 0 0 1 1 1 16 0.5 1.414 1 0 0 0 1 
OBJ 21 18.1227 11.637 147.787 -1.6 0 0 1 1 1 16 0.5 1.414 1 0 0 0 1 
OBJ 21 103.442 11.9189 141.823 -1.6 0 0 1 1 1 16 0.5 1.414 1 0 0 0 1 
OBJ 21 185.69 14.6464 14.5266 -1.6 0 0 1 1 1 16 0.5 1.414 1 0 0 0 1 
OBJ 21 -12.0332 18.574 198.103 -1.6 0 0 1 1 1 16 0.5 1.414 1 0 0 0 1 
OBJ 21 81.2671 11.9883 135.89 -1.6 0 0 1 1 1 16 0.5 1.414 1 0 0 0 1 
OBJ 21 -100.245 19.7474 -25.4848 -1.6 0 0 1 1 1 16 0.5 1.414 1 0 0 0 1 
OBJ 21 -162.313 25.744 52.4752 -1.6 0 0 1 1 1 16 0.5 1.414 1 0 0 0 1 
OBJ 22 231.311 11.2139 -161.308 -1.6 0 0 1 1 1 4 0.9 1.414 0.25 0 0 0 1 
OBJ 22 223.018 12.6478 -52.5983 -1.6 0 0 1 1 1 4 0.9 1.414 0.25 0 0 0 1 
OBJ 22 -19.2487 10.2115 -73.8401 -1.6 0 0 1 1 1 4 0.9 1.414 0.25 0 0 0 1 
OBJ 22 -190.486 18.2195 -15.8095 -1.6 0 0 1 1 1 4 0.9 1.414 0.25 0 0 0 1 
OBJ 22 90.4091 20.5659 224.914 -1.6 0 0 1 1 1 4 0.9 1.414 0.25 0 0 0 1 
OBJ 22 132.677 18.3662 28.2655 -1.6 0 0 1 1 1 4 0.9 1.414 0.25 0 0 0 1 
OBJ 22 -101.834 18.4629 115.27 -1.6 0 0 1 1 1 4 0.9 1.414 0.25 0 0 0 1 
OBJ 22 63.8937 11.6689 -138.008 -1.6 0 0 1 1 1 4 0.9 1.414 0.25 0 0 0 1 
OBJ 22 221.327 25.0024 119.682 -1.6 0 0 1 1 1 4 0.9 1.414 0.25 0 0 0 1 
OBJ 22 -151.337 21.5021 165.024 -1.6 0 0 1 1 1 4 0.9 1.414 0.25 0 0 0 1 
OBJ 22 -169.633 18.2839 211.67 -1.6 0 0 1 1 1 4 0.9 1.414 0.25 0 0 0 1 
OBJ 22 184.185 21.473 231.084 -1.6 0 0 1 1 1 4 0.9 1.414 0.25 0 0 0 1 
OBJ 22 -115.597 17.4131 -194.776 -1.6 0 0 1 1 1 4 0.9 1.414 0.25 0 0 0 1 
OBJ 22 37.9613 12.2645 55.024 -1.6 0 0 1 1 1 4 0.9 1.414 0.25 0 0 0 1 
OBJ 22 -51.5934 15.239 149.125 -1.6 0 0 1 1 1 4 0.9 1.414 0.25 0 0 0 1 
OBJ 22 139.976 16.471 -62.2223 -1.6 0 0 1 1 1 4 0.9 1.414 0.25 0 0 0 1 
OBJ 22 149.516 21.2291 109.443 -1.6 0 0 1 1 1 4 0.9 1.414 0.25 0 0 0 1 
OBJ 22 -187.133 14.8166 16.1589 -1.6 0 0 1 1 1 4 0.9 1.414 0.25 0 0 0 1 
OBJ 22 142.366 11.8283 65.6891 -1.6 0 0 1 1 1 4 0.9 1.414 0.25 0 0 0 1 
OBJ 10 -43.8243 18.1455 49.6368 -1.113 0 0 1 1 1 11.22 0.911627 1.414 0.701252 0 0 0 1 
OBJ 10 -111.79 18.317 10.8317 -1.6 0 0 1 1 1 11.22 0.911627 1.414 0.701252 0 0 0 1 
OBJ 10 -127.847 17.4147 -5.04696 -1.6 0 0 1 1 1 11.22 0.911627 1.414 0.701252 0 0 0 1 
OBJ 10 -177.049 10.7745 -48.8321 -1.6 0 0 1 1 1 11.22 0.911627 1.414 0.701252 0 0 0 1 
OBJ 10 -89.8377 18.317 24.0045 -1.6 0 0 1 1 1 11.22 0.911627 1.414 0.701252 0 0 0 1 
OBJ 10 -194.811 10.712 -49.1014 -1.6 0 0 1 1 1 11.22 0.911627 1.414 0.701252 0 0 0 1 
OBJ 14 -8.84392 19.5902 -92.8022 -1.6 0 0 1 1 1 28.812 21.9355 1.414 2.309 0 0 0 1 
OBJ 14 88.3797 19.0345 -65.2224 -1.6 0 0 1 1 1 28.812 21.9355 1.414 2.309 0 0 0 1 
OBJ 19 -64.2228 24.1374 190.253 -1.6 0 0 1 1 1 16 0.5 1.414 1 0 0 0 1 
OBJ 19 -69.1479 24.5112 187.184 -1.6 0 0 1 1 1 16 0.5 1.414 1 0 0 0 1 
OBJ 19 -67.4092 11.9135 223.506 -1.6 0 0 1 1 1 16 0.5 1.414 1 0 0 0 1 
OBJ 19 -35.0578 13.1326 205.03 -1.6 0 0 1 1 1 16 0.5 1.414 1 0 0 0 1 
OBJ 19 -32.9939 25.2454 181.552 -1.6 0 0 1 1 1 16 0.5 1.414 1 0 0 0 1 
OBJ 19 -43.8558 22.4753 165.455 -1.6 0 0 1 1 1 16 0.5 1.414 1 0 0 0 1 
OBJ 19 -60.1369 23.3358 172.971 -1.6 0 0 1 1 1 16 0.5 1.414 1 0 0 0 1 
OBJ 19 -79.1005 23.3207 194.121 -1.6 0 0 1 1 1 16 0.5 1.414 1 0 0 0 1 
OBJ 19 -88.7197 17.7416 201.279 -1.6 0 0 1 1 1 16 0.5 1.414 1 0 0 0 1 
OBJ 19 -78.3604 13.5208 207.371 -1.6 0 0 1 1 1 16 0.5 1.414 1 0 0 0 1 
OBJ 19 -65.5268 21.2396 196.672 -1.6 0 0 1 1 1 16 0.5 1.414 1 0 0 0 1 
OBJ 19 -75.9888 24.351 187.19 -1.6 0 0 1 1 1 16 0.5 1.414 1 0 0 0 1 
OBJ 19 -92.675 24.744 188.1 -1.6 0 0 1 1 1 16 0.5 1.414 1 0 0 0 1 
OBJ 19 -98.6121 17.5111 201.757 -1.6 0 0 1 1 1 16 0.5 1.414 1 0 0 0 1 
OBJ 19 -88.2383 14.2162 207.812 -1.6 0 0 1 1 1 16 0.5 1.414 1 0 0 0 1 
OBJ 19 -72.3177 23.2524 193.59 -1.6 0 0 1 1 1 16 0.5 1.414 1 0 0 0 1 
OBJ 19 -73.2269 22.9408 176.912 -1.6 0 0 1 1 1 16 0.5 1.414 1 0 0 0 1 
OBJ 19 -93.3274 22.6754 174.737 -1.6 0 0 1 1 1 16 0.5 1.414 1 0 0 0 1 
OBJ 19 -105.755 21.2058 192.083 -1.6 0 0 1 1 1 16 0.5 1.414 1 0 0 0 1 
OBJ 19 -101.54 16.8995 208.616 -1.6 0 0 1 1 1 16 0.5 1.414 1 0 0 0 1 
OBJ 19 -84.8904 13.7877 207.709 -1.6 0 0 1 1 1 16 0.5 1.414 1 0 0 0 1 
OBJ 19 -68.9473 23.2879 193.41 -1.6 0 0 1 1 1 16 0.5 1.414 1 0 0 0 1 
OBJ 19 -49.9257 24.7094 175.75 -1.6 0 0 1 1 1 16 0.5 1.414 1 0 0 0 1 
OBJ 19 -43.7611 22.471 165.433 -1.6 0 0 1 1 1 16 0.5 1.414 1 0 0 0 1 
OBJ 19 -63.722 20.5863 166.521 -1.6 0 0 1 1 1 16 0.5 1.414 1 0 0 0 1 
OBJ 19 -83.2054 22.9348 177.588 -1.6 0 0 1 1 1 16 0.5 1.414 1 0 0 0 1 
OBJ 19 -103.09 24.1077 178.672 -1.6 0 0 1 1 1 16 0.5 1.414 1 0 0 0 1 
OBJ 19 -99.7534 24.0543 178.49 -1.6 0 0 1 1 1 16 0.5 1.414 1 0 0 0 1 
OBJ 19 -82.2607 23.4958 194.176 -1.6 0 0 1 1 1 16 0.5 1.414 1 0 0 0 1 
OBJ 19 -84.867 13.8011 207.647 -1.6 0 0 1 1 1 16 0.5 1.414 1 0 0 0 1 
OBJ 19 -105.194 17.8787 202.13 -1.6 0 0 1 1 1 16 0.5 1.414 1 0 0 0 1 
OBJ 19 -125.562 18.2592 196.578 -1.6 0 0 1 1 1 16 0.5 1.414 1 0 0 0 1 
OBJ 19 -138.284 19.093 207.243 -1.6 0 0 1 1 1 16 0.5 1.414 1 0 0 0 1 
OBJ 33 -7.95164 26.0099 189.274 -0.958 -1.437 0 1 1 1 0.349258 0 1.794 0.247 1 1 0 1 
OBJ 33 -111.214 18.8017 -173.4 -1.6 0 0 1 1 1 5.493 0 2.242 0.717 1 1 2 1 
OBJ 33 -220.095 11.5181 -56.0422 -1.6 1.606 0.493 1 1 1 0.168266 0 0.5 0.119 1 1 3 1 
OBJ 33 -220.727 10.1913 -51.757 -1.6 1.55 -0.338 1 1 1 2.215 0 0.767 0.102 1 1 6 1 
OBJ 10 -69.2437 20.061 40.6981 -1.296 0 0 1 1 1 11.22 0.911627 1.414 0.701252 0 0 0 1 
OBJ 33 137.88 26.1598 164.931 -1.6 0 0 1 1 1 1.022 0 1.193 0.085 1 1 7 1 
OBJ 33 212.198 24.25 44.5889 -1.6 -2.258 0 1 1 1 0.698516 0 0.5 0.494 1 1 18 1 
OBJ 17 -25.7767 21.414 36.989 -1.6 0.06 2.95 1 1 1 3.042 1.1 1.521 1 1 0 16 14 
OBJ 40 -54.6942 24.8578 180.921 -3.142 -0.729 3.142 1 1 1 2.281 1.331 2.091 1.331 1 0 17 16 
OBJ 43 61.3584 18.0487 -73.5982 -1.606 0.04 -1.606 1 1 1 1.414 0 0.5 1 1 0 9 14 

COM Light: <LGT pos.x pos.y pos.z amb.x amb.y amb.z dif.x dif.y dif.z spec.x spec.y spec.z constant linear quadratic>
LGT 0 0 -6.919 0 0 0.05 0.05 1 1 1 0.4 0.4 0.4 1 0.09 

COM Sun: <SUN scl pos.x pos.y pos.z col.r col.g col.b dir.x dir.y dir.z amb.x amb.y amb.z dif.x dif.y dif.z spec.x spec.y spec.z>
SUN 75 299.472 48.302 417.185 6.25 0.938 0.1 0.686275 0.161476 0.161476 0.8 0.6 0.6 0.5 0.3 0.3 

COM Emitter: <PAR path partAmt pos.x pos.y pos.z rad1 rad2 height vel.x vel.y vel.z life grav startCol.x startCol.y startCol.z startCol.a endCol.x endCol.y endCol.z endCol.a startScl endScl Bugmode Fogmode>
PAR ../resources/models/particle/part.png 20000 0 -6.74692 0 0.2 3 7 9 0 9 2.12299 -0.61 1 0.852471 0.544 1 0.730392 0.467173 0.315071 1 14 8 0 1 
PAR ../resources/models/particle/part.png 5000 0 21.6145 0 150 0.5 0 0 1 17.717 10 -0.24 1 0.876874 0.401961 0.7 1 0.4 0 0.9 0.192 0 1 0 

COM Fog: <FOG max min col.x col.y col.z col.a>
FOG 667 75.905 0.7 0.411 0.244 0.8

COM Terrain: <TER path yScale yShift amb.x amb.y amb.z dif.x dif.y dif.z spec.x spec.y spec.z shine>
TER ../resources/heightmaps/dunes2.png 100.613 15.951 0.860587 0.897059 0.277033 0.962281 0.985294 0.202855 0.955882 0.67383 0.178057 

COM Skybox: <SKY dir>
SKY ../resources/skyboxes/sunsky/

COM Boundary: <BND col.r, col.g, col.b>
BND 0.965686 0.681661 0.321895 -11.062 256.637 25 
