COM Level saved by the Experience Level Loader
COM By Brett Hickman, Lucas Li, and Alex Hartford
COM Spring 2022


COM Next Level: <NXT path>
NXT ../levels/credit.txt

COM Camera Setup: <POV pos.x pos.y pos.z>
POV -0.2 -6.7 110 

COM Object: <OBJ id pos.x pos.y pos.z angleX angleY angleZ vel.x vel.y vel.z rad_v rad_c rad_s scale inter? disap? noteN sound>
OBJ 32 0 -10.9 -128 -1.5708 0 0 1 1 1 4.242 0 1 3 0 0 0 0 
OBJ 32 -0.5 -7.5 -128 -1.5708 0 0 1 1 1 7.4235 0 1 3.5 0 0 0 1 
OBJ 32 -0.5 -7.5 -112.2 -1.5708 0 0 1 1 1 7.4235 0 1 3.5 0 0 0 1 
OBJ 32 -0.5 -7.5 -96.4 -1.5708 0 0 1 1 1 7.4235 0 1 3.5 0 0 0 1 
OBJ 32 -0.5 -7.5 -80.6 -1.5708 0 0 1 1 1 7.4235 0 1 3.5 0 0 0 1 
OBJ 32 -0.5 -7.5 -64.8 -1.5708 0 0 1 1 1 7.4235 0 1 3.5 0 0 0 1 
OBJ 32 -0.5 -7.5 -49 -1.5708 0 0 1 1 1 7.4235 0 1 3.5 0 0 0 1 
OBJ 32 -0.5 -7.5 -33.2 -1.5708 0 0 1 1 1 7.4235 0 1 3.5 0 0 0 1 
OBJ 32 -0.5 -7.5 -17.4 -1.5708 0 0 1 1 1 7.4235 0 1 3.5 0 0 0 1 
OBJ 32 -0.5 -7.5 -1.6 -1.5708 0 0 1 1 1 7.4235 0 1 3.5 0 0 0 1 
OBJ 32 -0.5 -7.5 14.2 -1.5708 0 0 1 1 1 7.4235 0 1 3.5 0 0 0 1 
OBJ 32 -0.5 -7.5 30 -1.5708 0 0 1 1 1 7.4235 0 1 3.5 0 0 0 1 
OBJ 32 -0.5 -7.5 45.8 -1.5708 0 0 1 1 1 7.4235 0 1 3.5 0 0 0 1 
OBJ 32 -0.5 -7.5 61.6 -1.5708 0 0 1 1 1 7.4235 0 1 3.5 0 0 0 1 
OBJ 32 -0.5 -7.5 77.4 -1.5708 0 0 1 1 1 7.4235 0 1 3.5 0 0 0 1 
OBJ 32 -0.5 -7.5 93.2 -1.5708 0 0 1 1 1 7.4235 0 1 3.5 0 0 0 1 
OBJ 32 -0.5 -7.5 109 -1.5708 0 0 1 1 1 7.4235 0 1 3.5 0 0 0 1 
OBJ 32 -0.5 -7.5 124.8 -1.5708 0 0 1 1 1 7.4235 0 1 3.5 0 0 0 1 
OBJ 32 -0.5 -7.5 140.6 -1.5708 0 0 1 1 1 7.4235 0 1 3.5 0 0 0 1 
OBJ 34 3.2 -3.4 -128 0 3.2 0 1 1 1 1.0605 0 1 0.75 0 0 0 1 
OBJ 34 -4.2 -3.4 -128 0 0 0 1 1 1 1.0605 0 1 0.75 0 0 0 1 
OBJ 34 3.2 -3.4 -96.4 0 3.2 0 1 1 1 1.0605 0 1 0.75 0 0 0 1 
OBJ 34 -4.2 -3.4 -96.4 0 0 0 1 1 1 1.0605 0 1 0.75 0 0 0 1 
OBJ 34 3.2 -3.4 -64.8 0 3.2 0 1 1 1 1.0605 0 1 0.75 0 0 0 1 
OBJ 34 -4.2 -3.4 -64.8 0 0 0 1 1 1 1.0605 0 1 0.75 0 0 0 1 
OBJ 34 3.2 -3.4 -33.2 0 3.2 0 1 1 1 1.0605 0 1 0.75 0 0 0 1 
OBJ 34 -4.2 -3.4 -33.2 0 0 0 1 1 1 1.0605 0 1 0.75 0 0 0 1 
OBJ 34 3.2 -3.4 -1.6 0 3.2 0 1 1 1 1.0605 0 1 0.75 0 0 0 1 
OBJ 34 -4.2 -3.4 -1.6 0 0 0 1 1 1 1.0605 0 1 0.75 0 0 0 1 
OBJ 34 3.2 -3.4 30 0 3.2 0 1 1 1 1.0605 0 1 0.75 0 0 0 1 
OBJ 34 -4.2 -3.4 30 0 0 0 1 1 1 1.0605 0 1 0.75 0 0 0 1 
OBJ 34 3.2 -3.4 61.6 0 3.2 0 1 1 1 1.0605 0 1 0.75 0 0 0 1 
OBJ 34 -4.2 -3.4 61.6 0 0 0 1 1 1 1.0605 0 1 0.75 0 0 0 1 
OBJ 34 3.2 -3.4 93.2 0 3.2 0 1 1 1 1.0605 0 1 0.75 0 0 0 1 
OBJ 34 -4.2 -3.4 93.2 0 0 0 1 1 1 1.0605 0 1 0.75 0 0 0 1 
OBJ 34 3.2 -3.4 124.8 0 3.2 0 1 1 1 1.0605 0 1 0.75 0 0 0 1 
OBJ 34 -4.2 -3.4 124.8 0 0 0 1 1 1 1.0605 0 1 0.75 0 0 0 1 
OBJ 34 3.2 -3.4 156.4 0 3.2 0 1 1 1 1.0605 0 1 0.75 0 0 0 1 
OBJ 34 -4.2 -3.4 156.4 0 0 0 1 1 1 1.0605 0 1 0.75 0 0 0 1 
OBJ 34 3.2 -3.4 188 0 3.2 0 1 1 1 1.0605 0 1 0.75 0 0 0 1 
OBJ 34 -4.2 -3.4 188 0 0 0 1 1 1 1.0605 0 1 0.75 0 0 0 1 
OBJ 34 3.2 -3.4 219.6 0 3.2 0 1 1 1 1.0605 0 1 0.75 0 0 0 1 
OBJ 34 -4.2 -3.4 219.6 0 0 0 1 1 1 1.0605 0 1 0.75 0 0 0 1 
OBJ 34 3.2 -3.4 251.2 0 3.2 0 1 1 1 1.0605 0 1 0.75 0 0 0 1 
OBJ 34 -4.2 -3.4 251.2 0 0 0 1 1 1 1.0605 0 1 0.75 0 0 0 1 
OBJ 34 3.2 -3.4 282.8 0 3.2 0 1 1 1 1.0605 0 1 0.75 0 0 0 1 
OBJ 34 -4.2 -3.4 282.8 0 0 0 1 1 1 1.0605 0 1 0.75 0 0 0 1 
OBJ 34 3.2 -3.4 314.4 0 3.2 0 1 1 1 1.0605 0 1 0.75 0 0 0 1 
OBJ 34 -4.2 -3.4 314.4 0 0 0 1 1 1 1.0605 0 1 0.75 0 0 0 1 
OBJ 35 6 -8.5 -128 0 0 0 1 1 1 4.5 0 1 1 0 0 0 1 
OBJ 35 -7 -8.5 -128 0 0 0 1 1 1 4.5 0 1 1 0 0 0 1 
OBJ 35 6 -8.5 -111 0 0 0 1 1 1 4.5 0 1 1 0 0 0 1 
OBJ 35 -7 -8.5 -112 0 0 0 1 1 1 4.5 0 1 1 0 0 0 1 
OBJ 35 6 -8.5 -94 0 0 0 1 1 1 4.5 0 1 1 0 0 0 1 
OBJ 35 -7 -8.5 -96 0 0 0 1 1 1 4.5 0 1 1 0 0 0 1 
OBJ 35 6 -8.5 -77 0 0 0 1 1 1 4.5 0 1 1 0 0 0 1 
OBJ 35 -7 -8.5 -80 0 0 0 1 1 1 4.5 0 1 1 0 0 0 1 
OBJ 35 6 -8.5 -60 0 0 0 1 1 1 4.5 0 1 1 0 0 0 1 
OBJ 35 -7 -8.5 -64 0 0 0 1 1 1 4.5 0 1 1 0 0 0 1 
OBJ 35 6 -8.5 -43 0 0 0 1 1 1 4.5 0 1 1 0 0 0 1 
OBJ 35 -7 -8.5 -48 0 0 0 1 1 1 4.5 0 1 1 0 0 0 1 
OBJ 35 6 -8.5 -26 0 0 0 1 1 1 4.5 0 1 1 0 0 0 1 
OBJ 35 -7 -8.5 -32 0 0 0 1 1 1 4.5 0 1 1 0 0 0 1 
OBJ 35 6 -8.5 -9 0 0 0 1 1 1 4.5 0 1 1 0 0 0 1 
OBJ 35 -7 -8.5 -16 0 0 0 1 1 1 4.5 0 1 1 0 0 0 1 
OBJ 35 6 -8.5 8 0 0 0 1 1 1 4.5 0 1 1 0 0 0 1 
OBJ 35 -7 -8.5 0 0 0 0 1 1 1 4.5 0 1 1 0 0 0 1 
OBJ 35 6 -8.5 25 0 0 0 1 1 1 4.5 0 1 1 0 0 0 1 
OBJ 35 -7 -8.5 16 0 0 0 1 1 1 4.5 0 1 1 0 0 0 1 
OBJ 35 6 -8.5 42 0 0 0 1 1 1 4.5 0 1 1 0 0 0 1 
OBJ 35 -7 -8.5 32 0 0 0 1 1 1 4.5 0 1 1 0 0 0 1 
OBJ 35 6 -8.5 59 0 0 0 1 1 1 4.5 0 1 1 0 0 0 1 
OBJ 35 -7 -8.5 48 0 0 0 1 1 1 4.5 0 1 1 0 0 0 1 
OBJ 35 6 -8.5 76 0 0 0 1 1 1 4.5 0 1 1 0 0 0 1 
OBJ 35 -7 -8.5 64 0 0 0 1 1 1 4.5 0 1 1 0 0 0 1 
OBJ 35 6 -8.5 93 0 0 0 1 1 1 4.5 0 1 1 0 0 0 1 
OBJ 35 -7 -8.5 80 0 0 0 1 1 1 4.5 0 1 1 0 0 0 1 
OBJ 35 6 -8.5 110 0 0 0 1 1 1 4.5 0 1 1 0 0 0 1 
OBJ 35 -7 -8.5 96 0 0 0 1 1 1 4.5 0 1 1 0 0 0 1 
OBJ 35 6 -8.5 127 0 0 0 1 1 1 4.5 0 1 1 0 0 0 1 
OBJ 35 -7 -8.5 112 0 0 0 1 1 1 4.5 0 1 1 0 0 0 1 
OBJ 35 6 -8.5 144 0 0 0 1 1 1 4.5 0 1 1 0 0 0 1 
OBJ 35 -7 -8.5 128 0 0 0 1 1 1 4.5 0 1 1 0 0 0 1 
OBJ 35 6 -8.5 161 0 0 0 1 1 1 4.5 0 1 1 0 0 0 1 
OBJ 35 -7 -8.5 144 0 0 0 1 1 1 4.5 0 1 1 0 0 0 1 
OBJ 35 6 -8.5 178 0 0 0 1 1 1 4.5 0 1 1 0 0 0 1 
OBJ 35 -7 -8.5 160 0 0 0 1 1 1 4.5 0 1 1 0 0 0 1 
OBJ 35 6 -8.5 195 0 0 0 1 1 1 4.5 0 1 1 0 0 0 1 
OBJ 35 -7 -8.5 176 0 0 0 1 1 1 4.5 0 1 1 0 0 0 1 
OBJ 35 6 -8.5 212 0 0 0 1 1 1 4.5 0 1 1 0 0 0 1 
OBJ 35 -7 -8.5 192 0 0 0 1 1 1 4.5 0 1 1 0 0 0 1 
OBJ 35 6 -8.5 229 0 0 0 1 1 1 4.5 0 1 1 0 0 0 1 
OBJ 35 -7 -8.5 208 0 0 0 1 1 1 4.5 0 1 1 0 0 0 1 
OBJ 35 6 -8.5 246 0 0 0 1 1 1 4.5 0 1 1 0 0 0 1 
OBJ 35 -7 -8.5 224 0 0 0 1 1 1 4.5 0 1 1 0 0 0 1 
OBJ 35 6 -8.5 263 0 0 0 1 1 1 4.5 0 1 1 0 0 0 1 
OBJ 35 -7 -8.5 240 0 0 0 1 1 1 4.5 0 1 1 0 0 0 1 
OBJ 35 6 -8.5 280 0 0 0 1 1 1 4.5 0 1 1 0 0 0 1 
OBJ 35 -7 -8.5 256 0 0 0 1 1 1 4.5 0 1 1 0 0 0 1 
OBJ 35 6 -8.5 297 0 0 0 1 1 1 4.5 0 1 1 0 0 0 1 
OBJ 35 -7 -8.5 272 0 0 0 1 1 1 4.5 0 1 1 0 0 0 1 
OBJ 35 6 -8.5 314 0 0 0 1 1 1 4.5 0 1 1 0 0 0 1 
OBJ 35 -7 -8.5 288 0 0 0 1 1 1 4.5 0 1 1 0 0 0 1 
OBJ 35 6 -8.5 331 0 0 0 1 1 1 4.5 0 1 1 0 0 0 1 
OBJ 35 -7 -8.5 304 0 0 0 1 1 1 4.5 0 1 1 0 0 0 1 
OBJ 36 3.2 -4.1 -124 0 0 0 1 1 1 1.0605 0 1 0.75 0 0 0 1 
OBJ 36 3.2 -4.1 -60.8 0 0 0 1 1 1 1.0605 0 1 0.75 0 0 0 1 
OBJ 36 3.2 -4.1 2.4 0 0 0 1 1 1 1.0605 0 1 0.75 0 0 0 1 
OBJ 36 3.2 -4.1 65.6 0 0 0 1 1 1 1.0605 0 1 0.75 0 0 0 1 
OBJ 36 3.2 -4.1 128.8 0 0 0 1 1 1 1.0605 0 1 0.75 0 0 0 1 
OBJ 41 -48.988 -2.7 -32.395 -1.57 0 0 1 1 1 14.14 0 1 10 0 0 0 1 
OBJ 41 -88.988 -2.7 55.395 -1.57 0 1.6 1 1 1 14.14 0 1 10 0 0 0 1 
OBJ 41 -108.988 -2.7 25.395 -1.57 0 0.6 1 1 1 14.14 0 1 10 0 0 0 1 
OBJ 41 -95.988 -2.7 -78.395 -1.57 0 2.1 1 1 1 14.14 0 1 10 0 0 0 1 
OBJ 41 75.988 -2.7 -85.395 -1.57 0 -1.5 1 1 1 14.14 0 1 10 0 0 0 1 
OBJ 41 43.988 -2.7 -85.395 -1.57 0 0.4 1 1 1 14.14 0 1 10 0 0 0 1 
OBJ 41 43.988 -2.7 -17.395 -1.57 0 0 -1.3 1 1 1 14.14 1 0 1 0 0 0 
OBJ 41 78.988 -2.7 47.395 -1.57 0 -0.3 1 1 1 14.14 0 1 10 0 0 0 1 
OBJ 41 55.988 -2.7 83.395 -1.57 0 -2.3 1 1 1 14.14 0 1 10 0 0 0 1 
OBJ 41 -50.988 -2.7 106.395 -1.57 0 -1.5 1 1 1 14.14 0 1 10 0 0 0 1 
OBJ 41 -56.988 -2.7 34.395 -1.57 0 0.4 1 1 1 14.14 0 1 10 0 0 0 1 
OBJ 41 -49.988 -2.7 -75.395 -1.57 0 0 -1.3 1 1 1 14.14 1 0 1 0 0 0 
OBJ 41 57.988 -2.7 -20.395 -1.57 0 -0.3 1 1 1 14.14 0 1 10 0 0 0 1 
OBJ 41 99.988 -2.7 -1.395 -1.57 0 -2.3 1 1 1 14.14 0 1 10 0 0 0 1 
OBJ 42 0.959816 -3.8625 111.245 0 2.895 0 1 1 1 1.414 0 1.414 1 0 0 0 1 
OBJ 42 -1.41683 -3.8625 111.573 -0.111 -0.579 0 1 1 1 1.414 0 1.414 1 0 0 0 1 
OBJ 44 -0.57183 -1.29 71.3095 0.388 0 -0.008 1 1 1 1.414 0 2.0 1 1 0 8 24

COM Light: <LGT pos.x pos.y pos.z amb.x amb.y amb.z dif.x dif.y dif.z spec.x spec.y spec.z constant linear quadratic>
LGT 2.1 -0.9 -128 0 0 0 0.9 0.62 0.4 0.35 0.2 0.13 0.4 0.13 0.09 
LGT -3.1 -0.9 -128 0 0 0 0.9 0.62 0.4 0.35 0.2 0.13 0.4 1 0.09 
LGT 2.1 -0.9 -96.4 0 0 0 0.9 0.62 0.4 0.35 0.2 0.13 0.4 1 0.09 
LGT -3.1 -0.9 -96.4 0 0 0 0.9 0.62 0.4 0.35 0.2 0.13 0.4 1 0.09 
LGT 2.1 -0.9 -64.8 0 0 0 0.9 0.62 0.4 0.35 0.2 0.13 0.4 1 0.09 
LGT -3.1 -0.9 -64.8 0 0 0 0.9 0.62 0.4 0.35 0.2 0.13 0.4 1 0.09 
LGT 2.1 -0.9 -33.2 0 0 0 0.9 0.62 0.4 0.35 0.2 0.13 0.4 1 0.09 
LGT -3.1 -0.9 -33.2 0 0 0 0.9 0.62 0.4 0.35 0.2 0.13 0.4 1 0.09 
LGT 2.1 -0.9 -1.6 0 0 0 0.9 0.62 0.4 0.35 0.2 0.13 0.4 1 0.09 
LGT -3.1 -0.9 -1.6 0 0 0 0.9 0.62 0.4 0.35 0.2 0.13 0.4 1 0.09 
LGT 2.1 -0.9 30 0 0 0 0.9 0.62 0.4 0.35 0.2 0.13 0.4 1 0.09 
LGT -3.1 -0.9 30 0 0 0 0.9 0.62 0.4 0.35 0.2 0.13 0.4 1 0.09 
LGT 2.1 -0.9 61.6 0 0 0 0.9 0.62 0.4 0.35 0.2 0.13 0.4 1 0.09 
LGT -3.1 -0.9 61.6 0 0 0 0.9 0.62 0.4 0.35 0.2 0.13 0.4 1 0.09 
LGT 2.1 -0.9 93.2 0 0 0 0.9 0.62 0.4 0.35 0.2 0.13 0.4 1 0.09 
LGT -3.1 -0.9 93.2 0 0 0 0.9 0.62 0.4 0.35 0.2 0.13 0.4 1 0.09 
LGT 2.1 -0.9 124.8 0 0 0 0.9 0.62 0.4 0.35 0.2 0.13 0.4 1 0.09 
LGT -3.1 -0.9 124.8 0 0 0 0.9 0.62 0.4 0.35 0.2 0.13 0.4 1 0.09 
LGT 2.1 -0.9 156.4 0 0 0 0.9 0.62 0.4 0.35 0.2 0.13 0.4 1 0.09 
LGT -3.1 -0.9 156.4 0 0 0 0.9 0.62 0.4 0.35 0.2 0.13 0.4 1 0.09 
LGT 2.1 -0.9 188 0 0 0 0.9 0.62 0.4 0.35 0.2 0.13 0.4 1 0.09 
LGT -3.1 -0.9 188 0 0 0 0.9 0.62 0.4 0.35 0.2 0.13 0.4 1 0.09 
LGT 2.1 -0.9 219.6 0 0 0 0.9 0.62 0.4 0.35 0.2 0.13 0.4 1 0.09 
LGT -3.1 -0.9 219.6 0 0 0 0.9 0.62 0.4 0.35 0.2 0.13 0.4 1 0.09 
LGT 2.1 -0.9 251.2 0 0 0 0.9 0.62 0.4 0.35 0.2 0.13 0.4 1 0.09 
LGT -3.1 -0.9 251.2 0 0 0 0.9 0.62 0.4 0.35 0.2 0.13 0.4 1 0.09 
LGT 2.1 -0.9 282.8 0 0 0 0.9 0.62 0.4 0.35 0.2 0.13 0.4 1 0.09 
LGT -3.1 -0.9 282.8 0 0 0 0.9 0.62 0.4 0.35 0.2 0.13 0.4 1 0.09 
LGT 2.1 -0.9 314.4 0 0 0 0.9 0.62 0.4 0.35 0.2 0.13 0.4 1 0.09 
LGT -3.1 -0.9 314.4 0 0 0 0.9 0.62 0.4 0.35 0.2 0.13 0.4 1 0.09 
LGT 0 0 76.647 0.05 0.05 0.05 1 1 1 0.4 0.4 0.4 1 0.09 0.032 

COM Sun: <SUN scl pos.x pos.y pos.z col.r col.g col.b dir.x dir.y dir.z amb.x amb.y amb.z dif.x dif.y dif.z spec.x spec.y spec.z>
SUN 50 -2 -85.0069 -512 5.352 0.563 0.278 0.00187327 0.00124885 0.000624424 0 0 0 0.91 0.2 0.14 

COM Emitter: <PAR path partAmt pos.x pos.y pos.z rad1 rad2 height vel.x vel.y vel.z life grav startCol.x startCol.y startCol.z startCol.a endCol.x endCol.y endCol.z endCol.a startScl endScl Bugmode Fogmode>
PAR ../resources/models/particle/part.png 20000 0 -34.9054 0 0.2 3.883 7 9 0 9 2.14347 -2.128 0.22549 0.22549 0.22549 0.4 0.0980392 0.0980392 0.0980392 1 14 8 0 1 
PAR ../resources/models/particle/part.png 10000 0 -39.7849 0 100 10 75 -0.394 0.394 -1.969 9.808 -0.719 0.426471 0.374453 0.131704 1 1 0 0 1 0.48 0 1 0 

COM Fog: <FOG max min col.x col.y col.z col.a>
FOG 322.222 116.667 0 0 0 0.7

COM Terrain: <TER path yScale yShift amb.x amb.y amb.z dif.x dif.y dif.z spec.x spec.y spec.z shine>
TER ../resources/heightmaps/street_3.png 16 20 0 0 0 0 0 0.686275 0.362745 0.355835 0.245386 

COM Skybox: <SKY dir>
SKY ../resources/skyboxes/nightsky/

COM Boundary: <BND col.r, col.g, col.b>
BND 0.5 0.5 0.2 20 115 -35 
